500 462.45 304.78 328.29 209.82 334.35 286.55 396.24
1000 911.61 839.99 270.11 421.95 766.9 1148.78 452.22
1500 1166.02 1468.44 475.67 1449.38 1117.37 1268.17 906.17
2000 2050.81 1231.04 1437.49 862.6 955.2 727.68 531.96
2500 1571.77 1972.02 894.33 781.97 909.73 1226.78 70.68
3000 2781.21 3058.01 2985.66 1857.31 1414.37 1731.94 2294.65
3500 2708.66 2455.48 3234.31 3138.39 2964.27 3451.31 1745.82
4000 3703.51 3583.42 1648.05 2156.95 1990.21 3386.44 2888.76
1__2000 1385.24 1107.02 839.32 602.25 1366.82 298.93 519.8
2000__4000 3307.11 2655.14 1791.8 1633.21 1130.45 1942.07 1403.11
1__4000 3070.34 1348.38 1513.3 1375.73 1535.7 1258.57 1094.46
