500 427.74 316.41 150.61 0 71.89 129.1 41.69
1000 775.85 434.2 188.15 495.02 582.48 590.37 392.12
1500 1220.19 826.67 690.42 1166.42 667.5 809.33 467.3
2000 1617.38 584.52 949.97 1399.82 448.37 510.8 784.88
2500 2165.53 1400.84 1250.6 1082.68 1989.77 1239.17 1456.42
3000 1541.86 1749.46 2197.94 917.79 3193.05 1089.64 2459.78
3500 2731.5 3177.61 2183.63 1647.68 1289.73 1868.29 2445.73
4000 4231.46 3056.91 3040.6 2265.2 2854.31 1862.62 2119.31
1__2000 722.95 611.13 335.59 561.97 384.73 657.14 404.54
2000__4000 2246.27 2604.53 1000.21 2108.4 1280.67 1677.8 2007.93
1__4000 1370.84 924.9 1030.23 655.99 1419.38 1040.14 705.86
